0000100111010101101100010101001011011111011101111011001000101001101001000101101100000010111111000010
0011011010111101101110001001011001100001100100101101101001010111100110101110000001010011110101111100
0100100100000011011011111100001111110011101000110011101000100010010110010001000000110101011010111110
0100000011011011100010100011010101010000111101111001010111011101101000111110000111001101110011111110
1010001100100000011001100100101110110000011001001101100100110100100010001111010001011110000100100101
0100001101010101011011000100100111011000000001101001100000110011000110101110001000011011011001000011
0100110000000010011001000111000100101010110010010000011010000100100011010110001011100010001111111010
1010110001010011000001110101110010111110010001101011100011000001110011011000111010100110010101110000
1101000000111111000000110010010001010000000010000101000010111011100000011100000110000101010001100010
1001010100101010111110010011001111000101000011101011010010111111101000101111001010011001101001010100
0100100011001111111111010010100100111111101111110111100010011100010110110101110100011111101011000010
1101010110000100101100100000001011101100111000110111101110001100101111101111110000010110100100010101
0101000011100011000001100110111100011010001010000100001100001101110111000111110101111010001000011100
1100010010110000000101110011000010100111011001110110111111111100101110000110010111100101110111110101
0011001111101000010101011110011100101010010011110100000010010011010111111000110000111010111011100000
1111010110101000101111001010111011111011000011101000011110100101011111110001100011100110101111000101
1101000001110001000111000110001000001100111000100100100111000011110100011100100101011110111000011110
0010111001100010000011000000100010011101011110011111100011101100000011001101011101000101100001011101
1110111001110001000001110110011111101010001110111011001010001110000010100100100010110010111001000011
1100000001110111100010000000010111111111110101110001011100110011010100010000110100111010100111011010
0111010001100001110101000100001100000110100011101010000010100100011111011100111100110110010010110111
0010111100101111111010101000101111101001011010101110100001000100111101010110010101001011111111101000
0011100110011100001001011101101101011111110011010101000010010101011011000101101101101010001111100100
1010000111100110001000100000001010100101110001001100001100011111001111101111010111011111111000100010
0110000000000011000001100000111110001100101000001100010110010110010110010101000110110010010101100001
1010111100001010101010100011011100011001011111000011110011100110110100101110100000100001000101011000
0001001011101111101000000101101011001011011111011011000000011100100001010011100011001111010000101001
1101001101000100000000100110101101000011001000100100110001010001010111010101110000000100101010000000
0000110100101001010001101011011101011110110011100100110011011011001101101110000000010011001111110000
0101000110001011001100001100101101010110100111110011001111010001010011111111110101001101000010101011
1110100001011011101011111111110000010010010100111110010000001010011010111111001110011001011101010011
0011111001101010001111101101110001000110110001011111111010010101011010001000110001100000101100010001
1010110101010101011101011010000000010110011001010010111101001111100001101101010011000100011101110111
1111010011010001001101100011110100011011101011110111010111100011001000011110010111010111100110101101
0110101100110111001101010000000000010110111001100001010010101101011110010011101110010101101101001001
1011110110101001010100100100111011100100110110100100111101001101000011001000011111101001011100001001
1000011100111011111101101110100001000110110101011000011101011010011100111111001111101111101110000001
1000000101110100110110111000110110111000001001000100010011011110011011100000111110100101101001101000
1010001100101111001110100011111111101001001100010101101010001001001000000101010101001101100110000011
1110000001100101010101110111000001000010001000001100001011110110011010110000011000011010100110110010
0111001000110000100110111000110101111000001000111001001111000101100111111101100101100000011011011010
1001101100010110110101110110101110111000001001110010011101111111101001000111100000000000011111110110
1011100000111100111001001111000011100111110010011111010001111001111011111001001011000010010111010101
1101000000100000011100000110011000011010000010010100100011111100111110101111000000111010100010001111
0000001011101011011011100110110001010000001100001001011100110001010110011011011011000101101001111000
1001110101100111000110110110110111101100010000101001111001110000011101001010111101001100101010101011
1111010101110111101111000001111001110000110001001001000110111100110001111110010011110101111110000110
1011001000110110011100100010011111001010111100001110111011000111010011001111100111100010100001110110
1101110101000001011011011010001100001001101011110100011111111000011110000010101000110110110011010101
0100100010111110110001111001101101010111001100011000100001111101011100000110110001001011001110111100
1010000101110100011011000110011111000000011000010000010110001010101110111111110101100000000010001010
1111110111110000011100100110010101100010101011100000110100100110100000010001011100111010111101011000
0110110100110100110001000101100110010010000101010101011001011110010011111110011001011100110101001010
0001001001000101000100001101101111111100011011011011100011100101000111000100000001110011111010000100
1110001000011101001100010000010110011011110011011000100000100000111101010100110101000011011100001101
0001100000011101100100011000010011011000110010101011000011101100010111000100010101100011010101111000
0001001111110111111010101100110101100111100100111010010100010001000011110000000011111000010010100110
0101000100000100110001000101110011011101111101011100110100010011001101100100101111001100111101101001
1010110011000101010110000100000001100001011111101101011100000011111010111000000010101001001111111100
0101110011100110000100111011110100001101011111101100100011000010110011101100110111001010000000000010
1001000011111100011000010010101010111110011100101110100100000111011000010010011101110110100011111001
0101101001111101011011111110000110110101110100110101110100001010100110100000111001000110000110111000
0110010011000010101100011100101011001101010000010011100001111100100110101111101100000100000000000101
1101010111001011100100110001110111110010111010010100010011101000011100000110000011010000001000110111
1101101111011100100001000110000010000000111100100011001000110110011111101010001010011100011101010100
0010000100101011100111101101011100101101001111111100101100111001100110101000000011010001111010010100
1001000001010101000011110000101101101111011101001110001001101001100010101100011000111111000100110101
0110010000111111100111011101100000101000100111001110011101000111110000011111101011000010001011101101
0110111100111111011010111001011100110101101110011010110110110110111001111001110100100111111001110100
1000001100011011010011110011110010010100111001110000111111010000100010101011000100000001010011111001
0101010001110011001000010100111010001101101100100010100011110110111011001010011100011101110010101011
0011001110100011100111001011011001101001101010100011101010101000000110001001111110001110000110001001
0101110111010010110010010100111111011000101111110010100000110010111111110111100110000010101001101001
1101111011111100111011111101111011001010110100110110111101010011001100001011101100111001110101011011
0101111001011100000001010110111001101000010111111110100000001011100101101100111101110101011101000110
1010100001111001010000111011011010101010111110010011000000000010000111011100010011000001010000011101
1000000100111011101110100111010100100100110001011110001001010110000110011110010010010001000110111010
0000100100111110010111010001010111010111000011100111101100011100001010110011101000101000010110001110
1000011101000000010010100000001000111101001011001001100001001110101100110110010010111001111100101100
1001000010101100110111111000011001111110100001010011001101011010000011111110000000101111010000010101
0001001111000101001000011010001011111100001010110000000011110001110100011001101001101011100110001110
0101101000001101110001110010010111011010101011110110111111011101010100000011000010010111001101001100
0010001100001111001110101100000100011100100100111011010110101000001010000110011110000001111001011110
0110110001111010101110011000101001100001000100101001110010001001111000100110101001001101101010000001
0001110001101010100101110010011000011011000101000101100011110000101000110100011110010001100010000110
0011100110110101110010010011010011101110000011101000100001001110101010110010000101010011110101011000
1100111100111011101111111010100001001001001100011101011100011100001110011000000111000101011111111011
0111010011100100010001010110111001111110000010100100011100100000011011100111101111111110101001111010
1101000001110111111101010001000101101111000111111001110001001000010010101100001010111101000111010010
1111010110000110101011011010001010010000111000101001111111000000110011100111011100100110000001001101
1010011001101011101001110001101110111100110011100101011001100001110110001010001001110011000000100011
1100101100010101000101101100101111111011011000100101101101100100101000010110111011000110100000010000
1011001000100111000111100001110001001011111101101110010010101100010101110000110010011010100000100010
1101011111100111011101101100101010100100111010011001100101101000100111001110000001100111110000000111
0111101110000110000011111010110011000101010011010100000111101101001111101000101000000011001010011101
0111001101011100110110000100101110000001111010011101000100101101111011000101100100100111100100100000
0111001000001000110101000110010001110100100111000111101101101100000101111101111011100111010000100110
0111100001011101110010100000000011000000011100111100011010100011111110000011011111101000010001101010
1011011010100000101110010000011010000011110101110010100010010001000000100110110010101011101011001100
0000110000010101011010001010011111111010001101001000001001001011001101111101000100010010011001100000