011010011111101100110001001001100110011100010111010111001111
100110010010010100010011111111101110110101101111000011010000
100010011001110001111111010010001100111100111100100100101001
010001111000111000100011001110100000001000100101101110100110
111000100010111111100001011111011110100100110101011011100111
000100101110110011110110101011110100101001010111000110001010
000111001101001011000111000100101110011000011010100001011011
111100001011000011000000011111010011101000110110001100101000
101101110000000101111101110110011110111000010010100010000001
100001100000011100000111001010011100001101101111001111111111
110011010001101100110100001010100100101000001001110011111101
101000110010100101111111001110110001010111011010010110111001
101111000011001011000000010101100100111010100101101000101110
011111000100001111100001100000111100111000110100001110101001
100110100110110110010001101000001011000001101111000000110010
110010001111011010011000110111001101111000011000000000001100
000011110000111101100000000001110000111001111101111110011001
001011111001110010011011100001101011000010010110001000110000
101111001011010010010000000001010111010100101000100000111011
111001001011001101101010000011010001011100010001010101011010
001000001001000101010110011100111111110000101000110000110101
001001101111000000001010100111101001010010110111011000101001
011101100101000001011101000100110011101001000101101111110110
111110101101011001000010000001010011010100110101110010011101
010001001000011101000100000000101100110011001000011010111111
011010011000100100001000001000000101110110010011110101101010
110111010111001000001000010000001001001001110011111010111101
010110111001100100001110000011100110010111010011011000100111
011111011111000100010100000101100101111100011010011010011101
110011010000100111110101000110110000011010100001110111101101
110101100011110011001110100111010100100110111111111101010010
000011011101010010111011000001101000010110010000111111001101
011010101100011101001100101000010110110010111001010110011011
111011101110110100101000110110101000101000111111100011011000
110010111000001001101011000100001000110100101100110010010010
000000010001001101111111011010000000011000010101111110001011
011011011010110110001010110010101110010011010001111000111101
111000101001110110111101110111011011101100101111010011000000
101101111110110110010010001011000101010110101010111001100000
111010000101000000110001010110110010011000011111111000110010
000000000001100001000100110101111000101000011111000010010110
010001000101001010000010101100000000100000000010111001000101
011110010100111010101101001001101110011000010011101011000111
101011111001010111010101011110111101100110101011000100000101
011000100111001110101000100010101110011110010110101000110011
111111010100111011000111000000100111010110001001000010101000
110001111101001001000100011110100100011111111000100100001010
110111000110101010010111011101101101110110110100000010011110
001100101010100010101011011001110111101101101010000100101110
100010000011000010011101111111111011111101000000000100100100
000110010100110011000110101110110001101101101000000101101110
101101010101010010010010010001111001000000010010111010001101
110111001111010010000011101011011111010010100101000100001111
110010100110000000010010010001110100011001100000001000011011
001110010111111001101110111101000000101100001100111000011110
010000100111001011111011101010101110100110001001000001101010
101001110111110110110101111011011101100000000111101111110101
100110000110100100001011101111010000100011110001111110101000
100111100100101000110010110100101011000110101011101011110000
101010101111010010101101101111011001100001111000000111001000